1957544 6 7.04227519116
1962937 9 7.05499624042
1948258 2 7.08366815451
1948634 6 7.11224729446
1944248 9 7.14569675615
2133682 2 7.1513382131
1984561 14 7.17184701335
1999604 2 7.20840660747
1964029 9 7.21065464114
1974872 14 7.22116529991
1951277 6 7.22657981558
1971739 6 7.23795208289
2020153 9 7.26685882175
1964918 9 7.27586521376
1994547 14 7.29479937811
1975197 6 7.2997485428
1980577 9 7.30580330762
1969026 14 7.30719271311
1947332 6 7.31123371354
1965076 6 7.32926941807
1966490 12 7.3373402324
1973140 6 7.34960753418
1962916 6 7.36558214082
1994285 9 7.37333822597
1979350 14 7.39345903384
1969258 6 7.40130892027
1955989 14 7.44233317789
1973830 14 7.44414602559
1960225 6 7.45214330738
1942443 14 7.46727698758
1983607 14 7.47302748205
1986562 6 7.47756491583
1963733 14 7.49737995424
1953223 14 7.53316371947
1993638 12 7.56551215729
1949407 14 7.56798825039
1962176 14 7.57584525396
1960569 14 7.60860273734
1989679 9 7.63031174882
1960241 12 7.64249954913
1996030 14 7.73023574243
1998517 9 7.74219064928
1950902 14 7.74520360075
2066821 2 7.80177000889
1974261 14 7.83431891755
1972536 14 7.8570016126
1993824 14 7.87332653566
1984594 14 7.89411048983
1945660 14 7.8948853014
1958594 14 7.90027693622
1943823 9 7.94649508123
1973380 9 7.95253135916
1990286 14 7.97585120029
1943870 14 8.02078671577
1956966 2 8.03716202751
1993095 14 8.03975981638
1945250 9 8.05306384251
1998300 14 8.08044356932
1943903 14 8.09868319379
1953029 14 8.10764271077
1958465 12 8.12528615766
1987650 14 8.16470316995
1977549 14 8.17800238822
1974960 12 8.27919297399
1972210 19 8.29083628195
2024495 2 8.29879378396
1946113 22 8.30003124767
1957519 14 8.35040050055
2172747 2 8.37204906838
1988905 14 8.42561919312
1976848 16 8.43340041363
1971089 12 8.47285259867
1956363 14 8.48317228439
1960596 14 8.5029184518
1950863 14 8.51915634507
1947845 14 8.62954124791
1972137 9 8.63253192915
1990422 14 8.65464855956
1954330 12 8.65913299315
1942784 14 8.66604365223
1952258 14 8.67384902283
1977069 14 8.67948982105
1985879 14 8.69114098235
1941349 14 8.69439302864
1941359 14 8.70584093997
1952709 14 8.73149680401
1946365 24 8.7351002311
1973971 22 8.74157671484
1946430 14 8.83441344543
1965456 14 8.84592572342
1971320 14 8.8488181613
1988785 14 8.86205858902
1959610 14 8.91496765234
1973431 14 8.92453996902
1977961 14 8.95911493682
1988230 14 8.99237076469
1973345 14 9.01282372401
1976721 14 9.10832834461
1978076 22 9.14311352143
1949063 14 9.14625267074
1951783 14 9.15214908033
1959096 14 9.16134416798
1992648 9 9.18333717826
1987503 9 9.20465681308
1969798 14 9.21014228247
1991128 4 9.25957504118
1988837 14 9.30921475095
1994891 14 9.33945742796
2009723 14 9.34655084866
1967907 14 9.34812109735
1988213 14 9.41153757824
1987226 14 9.42341584531
1954184 14 9.44644484835
2473797 9 9.47914509187
1992688 2 9.48042953268
3306686 9 9.4914140192
1978828 14 9.609698181
1963091 14 9.61114405575
1964534 14 9.62982253469
1992951 12 9.65028513527
1959624 9 9.6659715168
1971747 22 9.66947987449
1992848 9 9.72349268759
1943916 14 9.77826131384
1966056 9 9.85002307346
1965489 14 9.99225302753
1967621 14 10.0307842866
1949263 9 10.0847566578
1954401 9 10.1470960312
1992979 9 10.1852582374
1996174 14 10.2106659785
1988401 9 10.3221031671
1976695 14 10.3517346716
2059384 8 10.44903264
1987048 14 10.4818969133
1942712 14 10.6377633508
1996830 14 10.6680069281
1983096 14 10.6729412943
1989759 14 10.6920006782
1998294 14 10.8333770585
1976046 12 10.8415310788
1953066 14 10.8866494126
1996447 14 10.99509817
1948694 4 11.0328435453
1975544 14 11.0456353215
1973423 14 11.0669430712
1997864 4 11.1047856332
1997846 4 11.1442150023
1998924 4 11.1611015531
1996227 14 11.1906417305
1942178 14 11.2069010371
1956205 4 11.2094765635
1998617 4 11.2974518991
1963383 12 11.4211248069
2000337 9 11.4837964152
1979073 4 11.55144717
1983358 9 11.5799728539
1977996 9 11.74900653
1947556 4 11.7672706555
1953485 4 11.7832600227
1950712 22 11.8791780837
2119125 9 11.9703346962
1943940 9 11.9732414234
1972008 14 12.1200475647
2565736 8 12.2128156773
1949876 12 12.2520229028
1963478 14 12.5018370224
1963008 14 12.6221739281
1951767 14 12.6340877351
1964046 9 12.8037234782
1950911 14 12.8268332089
1961776 14 12.9104879782
1968273 4 13.0046536651
2032589 9 13.032498104
1990399 14 13.0781108844
1967890 14 13.1269517785
1986021 14 13.1318050363
1969384 4 13.1377263989
1990710 9 13.2258746015
1945750 9 13.2332986977
1981459 9 13.3834121701
2002447 4 13.4940831804
2268541 4 13.5024460898
1994422 14 13.5990009319
1979209 9 13.6728473895
1967878 14 13.6742477074
1965905 9 13.8618690688
1997208 9 13.9077239796
1964320 12 13.9307302036
2000692 4 13.992698065
2060906 9 14.0139843649
1988737 22 14.0285836314
2280347 9 14.065411414
1947550 22 14.0756457599
1995333 14 14.1057432002
1962804 14 14.1584475055
1973682 14 14.3219801166
1951393 9 14.3678539268
1995181 22 14.3797212087
3007940 4 14.3962350087
1961768 9 14.4221450779
1972573 9 14.4484811964
2006025 4 14.4834865996
1989286 9 14.5060422335
1990680 4 14.5314143465
1997198 14 14.867252715
1968372 14 15.0120402043
1944933 14 15.0316661718
2030674 4 15.0727115499
1972078 14 15.1039818355
2024289 4 15.1066643827
1957479 14 15.2128780308
1949374 12 15.4069764122
1996038 14 15.4071360916
1983632 4 15.422614233
1951022 9 15.6517066712
1950887 14 15.6900350147
1994636 4 15.7164327804
1982863 4 15.7879120111
1979612 9 15.8241096022
1960834 9 15.8339497852
1967828 4 15.8361286429
1945878 9 15.8453774923
2032186 4 15.8615871404
1985231 14 15.9199089051
1978187 14 15.9457749607
1975441 14 15.9740072543
1970885 9 16.1071440964
1958894 14 16.152203058
1978222 4 16.2278168915
1965529 4 16.2342666964
2544423 4 16.2557672467
1983471 4 16.2841409133
1989172 9 16.3704493385
1960586 14 16.4418369046
1955312 9 16.4798051461
1990207 4 16.503504156
1996468 9 16.5567781297
2032961 9 16.5749293807
1955787 12 16.5990504011
1948646 14 16.6453835765
1993935 14 16.6583712419
1971468 4 16.6934856722
2009527 14 16.6966761299
1962399 9 16.7113456491
1953954 12 16.7147756754
3276779 4 16.7370851408
1955938 9 16.7413591971
1945869 4 16.8410882502
1995660 9 16.8475798057
2055548 9 16.8500498383
1949517 9 16.8626548941
1948631 14 16.8686734341
1988648 14 16.8902118503
1980615 9 16.9159004929
1980737 9 17.0150007889
1962715 12 17.0346422047
1967070 4 17.041660928
1974133 9 17.1367714323
1955615 9 17.2076124244
1976793 4 17.2275201718
3484007 4 17.3448960788
1946962 14 17.378234081
4647968 4 17.388693653
1967926 4 17.4790112746
1968181 9 17.5441330992
1983614 9 17.6429017334
1946625 12 17.7735037324
1964716 4 17.793377147
1988368 12 17.9016153048
1977780 9 17.9187158017
1969774 4 17.9383507862
1981662 12 17.9567683504
1993971 4 17.98386814
2173522 4 18.0391600921
2015166 4 18.0586777569
1973755 4 18.175218719
1950141 12 18.2604804951
1957643 4 18.2924261049
1971630 9 18.2983406858
2319540 4 18.3104868506
2263893 4 18.3986902203
3990841 4 18.5758441097
1974311 12 18.9018370356
1945632 4 19.0013801225
1963988 12 19.1537022309
1988482 12 19.232155457
1964708 9 19.3908569258
2038240 4 19.6137048168
2030192 9 19.6608006084
1987473 4 19.6904289569
1994946 4 19.769840552
1993460 9 19.8042791763
1955053 9 19.8586380533
1946816 9 19.9872690434
1965842 4 19.9993917579
1956208 4 20.0213164858
1959936 22 20.0923623613
1982574 9 20.1788321999
1972350 12 20.1954530769
2254622 4 20.2593165907
1970649 4 20.3538851574
1960219 12 20.4025474974
1974326 4 20.4686576639
2002078 4 20.4935501867
2585638 4 20.5011495487
1952198 12 20.5308866571
1954508 22 20.546627999
1998708 12 20.6294447484
1971705 4 20.6300561061
1949625 4 20.836164778
1998147 9 20.8410767797
1945688 4 20.9939080129
1981165 4 21.0869557444
1948235 4 21.0934936222
1986630 19 21.1696094949
1980844 4 21.1831121182
2272496 9 21.2528998272
1970414 4 21.3441862951
1965250 4 21.4894051233
1994491 4 21.5516531538
1981252 9 21.5642775239
2154259 4 21.6170856143
1964582 9 21.6235088619
1956799 9 21.6873058565
1996750 4 21.709924703
1990350 4 21.7530266462
1983077 4 21.7999226622
1975215 4 21.8163495103
1962218 4 21.8325498157
1990382 4 21.9210228788
1951151 4 22.0311321798
2323847 22 22.06469581
2019713 4 22.0865710565
1959993 9 22.2437806741
1946283 4 22.243971834
2003618 4 22.3752367073
1953557 4 22.4153677729
1965137 4 22.4308318471
1957462 9 22.5581911791
1989961 4 22.7392998789
1994454 9 22.7859969089
1962438 9 22.8170004044
1982185 4 22.8706167207
1994998 12 22.8725946777
1957811 4 22.9468992759
3888279 4 22.9570728248
1947346 9 22.9932807361
1942288 4 23.0692814081
1990032 4 23.1052840552
1962518 4 23.1452966883
1952838 4 23.2806855384
1953856 4 23.3164252261
1981464 4 23.4393927587
1964427 4 23.5024536057
1985584 4 23.7266026119
1952223 4 23.7439455105
1950735 4 23.7448769836
2101732 4 23.7518420822
1984742 4 23.8326667919
1952834 4 23.83561443
1960211 4 23.879219964
1947808 9 23.9222858754
1980845 4 24.2992431133
1996933 4 24.3126028469
1965584 4 24.3187984253
1993507 4 24.3329002437
2671129 9 24.3751110289
1990509 4 24.4364687256
1970651 4 24.4461994283
1944861 22 24.4869439968
1993314 4 24.5798925603
1991464 4 24.5826284829
1956265 4 24.5960054148
1979601 4 24.6402917067
1987969 4 24.687905044
1970315 4 24.6972027667
1989833 9 24.7042906304
1979103 4 24.7116496138
1947702 4 24.81407404
1977691 4 24.8145293597
1986487 4 24.8189363634
1994016 4 24.875941185
1990562 4 24.9011806369
1977600 4 24.9915665154
1959232 4 25.0693119918
1992167 4 25.1395022411
1958347 4 25.1871821062
2006171 4 25.3813633515
1978433 4 25.4012890677
1980357 4 25.4108167077
2060442 4 25.4290167648
1975675 4 25.5468153008
1952851 4 25.6258437224
1974916 4 25.7436388383
1980411 4 25.789726151
1960949 4 25.8560556782
1999914 4 25.8611575175
1980029 4 25.9054194806
1988622 4 25.9091202109
1996565 4 25.961520497
1951568 9 25.9705382126
2079597 4 25.9922047854
1970047 4 26.1401984838
1955563 4 26.1427538735
1962769 4 26.1511347776
1964889 9 26.2372198853
1964274 4 26.3916808769
1992540 4 26.3980882191
2030134 4 26.4462548068
1952302 4 26.5525952323
1950607 9 26.5753800213
2005695 9 26.6930730179
1954987 4 26.7653175942
1968254 4 26.7787231153
1975183 4 26.8993832461
1982519 4 27.1499064321
1958015 4 27.1973689286
1994466 9 27.2587944497
1986257 4 27.3805234125
2002190 9 27.5239427192
1974497 4 27.5299677166
1959931 9 27.8877285341
1951704 4 27.9790359025
1950904 9 28.0437412078
1986102 9 28.4098039284
1998456 4 28.4420117301
1948379 4 28.4450871559
1991247 9 28.5743154808
2000549 4 28.6588886266
1946363 4 28.8269282922
2487953 4 28.8403440105
1992038 9 28.8455869811
1976957 9 28.8747032906
1947460 9 28.937594621
1968151 4 29.0341556693
1971997 4 29.0473275061
1994497 4 29.1691559592
1960396 9 29.5914503402
1947031 4 29.7791596031
1992970 9 29.9107391756
1954905 4 29.9283883174
1952800 4 30.0670488885
1956451 4 30.0700556808
1974299 4 30.244215732
1949212 9 30.4179409034
1950556 4 30.4280723831
1997074 4 30.582715955
1981580 4 30.5900965792
1974624 4 30.6312462997
1972445 4 30.7058997331
1968178 9 30.7110935333
1969109 4 30.7264278965
1985186 22 31.150454204
1952224 9 31.4306493755
1970095 9 31.4996254202
1962672 9 31.7845052772
1943901 4 32.0296558158
1954658 9 32.1404982607
1986110 9 32.1470302959
2004559 4 32.2963354613
1985239 4 32.50375511
1980350 9 32.5489542465
1983813 9 32.7451717721
2101735 4 32.7484195603
1999279 4 32.7975582535
1960869 4 32.8588361934
1990863 4 32.9023295546
2005762 4 32.9430831163
1980626 4 33.0797739334
1951685 4 33.3935836178
1980489 4 33.7713752918
1969095 9 33.8299884732
1970687 9 33.8430405094
1965826 4 34.0301464015
4132204 4 34.218350946
1980125 4 34.6577087847
1955730 4 35.1634785597
2296362 22 35.2845437406
1954419 4 35.2916826203
1990805 4 35.443651618
1978793 22 36.0751299154
1996042 9 36.4344893942
1948423 4 36.7651768759
1952330 9 39.7945936314
1999611 22 40.6962518136
3132771 9 40.7618611286
2130760 9 42.6546390925
1970100 9 43.8895546456
2068936 9 44.5129296755
1963503 4 44.6767025036
1976161 4 46.0055175286
1947888 9 47.5815443654
1971259 9 49.1518971655
1975827 9 49.4583714112
1979412 9 50.9313222286
1966268 22 61.5891057491
1985874 9 76.4310848241
1971081 9 88.7311424902
1966348 9 98.4663908655
