1940240 25 -1.0
1941553 25 -1.0
1941922 25 -1.0
1942413 25 -1.0
1942634 25 -1.0
1945482 25 -1.0
1945846 25 -1.0
1947293 25 -1.0
1947454 25 -1.0
1947875 25 -1.0
1948264 25 -1.0
1948280 25 -1.0
1948366 25 -1.0
1948552 25 -1.0
1949340 25 -1.0
1949404 25 -1.0
1952078 25 -1.0
1955641 25 -1.0
1956312 25 -1.0
1957062 25 -1.0
1957429 28 -1.0
1958045 25 -1.0
1958606 25 -1.0
1958664 25 -1.0
1959283 25 -1.0
1959344 25 -1.0
1960355 25 -1.0
1960416 25 -1.0
1960927 25 -1.0
1962041 25 -1.0
1962076 25 -1.0
1962185 25 -1.0
1962491 25 -1.0
1963068 25 -1.0
1964218 25 -1.0
1965768 25 -1.0
1967406 25 -1.0
1967567 25 -1.0
1968466 25 -1.0
1968518 25 -1.0
1968577 25 -1.0
1969960 25 -1.0
1970233 25 -1.0
1970971 25 -1.0
1971273 25 -1.0
1971364 25 -1.0
1972459 25 -1.0
1974547 25 -1.0
1975030 15 -1.0
1976311 25 -1.0
1976986 17 -1.0
1977591 25 -1.0
1979243 25 -1.0
1979466 25 -1.0
1979478 25 -1.0
1980549 25 -1.0
1981250 25 -1.0
1981269 25 -1.0
1981274 25 -1.0
1981343 25 -1.0
1981383 25 -1.0
1983031 25 -1.0
1984018 25 -1.0
1984673 28 -1.0
1985480 23 -1.0
1986233 25 -1.0
1986972 25 -1.0
1988342 25 -1.0
1989702 25 -1.0
1989719 25 -1.0
1989867 25 -1.0
1989896 25 -1.0
1990713 25 -1.0
1990740 25 -1.0
1991792 25 -1.0
1991797 25 -1.0
1991954 25 -1.0
1992503 25 -1.0
1992960 25 -1.0
1994997 25 -1.0
1995073 25 -1.0
1995155 25 -1.0
1997313 25 -1.0
1977913 25 -0.99991928347
1984294 25 -0.99991928347
1994401 15 -0.999919066892
1993289 23 -0.999918233851
1987967 23 -0.999860017863
1989142 15 -0.999857842278
1981259 25 -0.99985103945
1991909 25 -0.999807059597
1961092 15 -0.999800747099
1968093 15 -0.999789931793
1949341 25 -0.999789099854
1973850 25 -0.999722669663
1956427 15 -0.999722491752
1988351 15 -0.999720330913
1986405 23 -0.999712751495
1963336 15 -0.999687911995
1984829 15 -0.999677518399
1989039 15 -0.999661390759
1951480 25 -0.99963214191
1957899 25 -0.99963214191
1961745 25 -0.99963214191
1984544 25 -0.99963214191
1994350 15 -0.999530697037
1983197 25 -0.999519472819
1985447 23 -0.999439454311
1985375 15 -0.999427513618
2003309 15 -0.999419565562
1973764 15 -0.999417986135
1966703 15 -0.999407581885
1985363 15 -0.999402213067
1953249 15 -0.999394198466
1993440 15 -0.999385696105
1994359 15 -0.999376999728
1973399 23 -0.999372955458
1949339 25 -0.999359638119
1981202 25 -0.999359638119
1973406 23 -0.999337963058
1997556 15 -0.999330952645
1974850 15 -0.999302384212
1951033 22 -0.999281252162
1987320 15 -0.999269790678
1946530 23 -0.999237535634
1961541 23 -0.999237535634
1982430 23 -0.999237535634
1997821 23 -0.999237535634
1997831 23 -0.999237535634
1998214 23 -0.999237535634
2000256 23 -0.999237535634
2000109 15 -0.999232583027
1999665 15 -0.999225869211
1955136 15 -0.999220750314
1994410 23 -0.999206218159
1998066 15 -0.999205882267
1982889 3 -0.999193947349
1995265 15 -0.999192516199
1967866 15 -0.999186560816
1974723 15 -0.999185501516
1996233 15 -0.999185501516
2011276 25 -0.999183383754
1966764 15 -0.999163298455
1997907 23 -0.999151496041
1966245 15 -0.999143145954
1966255 15 -0.999143145954
1996179 15 -0.999121887163
1969728 3 -0.999110173382
2002353 3 -0.999110173382
1981927 15 -0.999110076419
1986099 15 -0.999107595692
1968140 15 -0.999102031522
1985690 17 -0.999101862978
1967600 15 -0.999098942507
2007026 15 -0.999070244666
1956970 15 -0.999069384366
1968011 15 -0.99906380481
2018739 15 -0.99906380481
1993737 15 -0.999060890297
2005472 15 -0.999059826887
2000127 23 -0.999044688697
1956096 25 -0.999035993682
1959455 25 -0.999035993682
1972960 15 -0.999032635206
1997023 15 -0.999020172314
1974729 15 -0.999020002917
1963160 15 -0.999014579697
1963344 15 -0.999014579697
1966054 15 -0.999014579697
1983319 3 -0.999007550998
1998202 15 -0.999002807927
1987382 15 -0.999001416313
1971443 15 -0.998993805947
1997152 15 -0.998987613988
1978320 15 -0.998963565378
1997882 15 -0.998962979372
1985498 15 -0.998952360599
1992257 17 -0.99893968454
1960900 23 -0.998930191941
1960908 23 -0.998930191941
1974520 15 -0.998928719768
1962361 15 -0.998928311804
2006059 15 -0.998916878046
1954619 3 -0.998902486289
1978590 23 -0.998902451232
1996309 15 -0.998878256264
1995481 15 -0.998866961633
1978261 15 -0.998866134404
1953555 3 -0.998855336581
1995087 15 -0.998852838944
1956822 15 -0.998840909957
1998222 15 -0.998835983852
1996132 15 -0.99882821599
1997194 15 -0.998818064543
2000104 15 -0.998817166032
1966327 15 -0.998800017259
1963065 15 -0.998799750093
1987457 7 -0.998794102021
1971311 15 -0.998789311977
1988621 15 -0.998789311977
1988748 15 -0.998789311977
1995403 15 -0.998789311977
1995613 15 -0.998789311977
2016593 15 -0.998788918809
1971682 15 -0.9987872776
2000057 15 -0.9987872776
1998092 15 -0.998783120792
1968208 15 -0.998779454982
2441176 15 -0.998778764536
1998235 15 -0.998773024813
1999369 15 -0.998769252452
1999820 15 -0.998769252452
2006909 15 -0.998754525186
2004941 15 -0.998748642372
1960745 15 -0.998744853009
1945568 17 -0.998743434489
1985344 17 -0.998743434489
1946608 15 -0.998739906809
1997721 15 -0.99873493329
1991768 7 -0.998731376236
2004212 15 -0.998722370347
2007917 15 -0.99869683831
1997119 15 -0.998687171021
1988383 23 -0.998679208936
1971715 15 -0.998646219527
1962525 15 -0.998634760778
1980619 7 -0.998620755753
1994175 15 -0.99861728748
1955568 15 -0.998614998295
1957447 15 -0.998611598421
1963014 15 -0.998611000671
2003937 15 -0.998598119452
1965243 15 -0.998593967981
1966035 15 -0.998593386049
1962995 15 -0.998591957643
2005153 15 -0.998591787527
2004256 15 -0.998591641211
1994210 15 -0.998585185491
1994228 15 -0.998585185491
1994241 15 -0.998585185491
1994249 15 -0.998585185491
1994259 15 -0.998585185491
1994268 15 -0.998585185491
1994282 15 -0.998585185491
1994299 15 -0.998585185491
1994314 15 -0.998585185491
1994322 15 -0.998585185491
1994339 15 -0.998585185491
1995316 15 -0.998585185491
1995365 15 -0.998585185491
1995788 15 -0.998585185491
1995815 15 -0.998585185491
1995824 15 -0.998585185491
1995834 15 -0.998585185491
1995874 15 -0.998585185491
1996189 15 -0.998585185491
1996220 15 -0.998585185491
1996242 15 -0.998585185491
1998077 15 -0.998585185491
1968589 15 -0.99858067814
2051073 15 -0.99857497167
1958409 7 -0.998551196327
1996313 15 -0.99854957317
1981810 15 -0.998545608625
1952118 3 -0.998539655146
1993185 15 -0.99853361994
1972916 15 -0.998523212346
1971212 15 -0.998522826629
1971684 15 -0.998520778993
1961592 23 -0.99851604214
1985128 15 -0.998506219278
1963116 15 -0.998493087678
1955170 23 -0.998492266207
1960594 23 -0.998492266207
1963237 23 -0.998492266207
1966227 23 -0.998492266207
1981624 23 -0.998492266207
1997445 23 -0.998492266207
1950401 3 -0.998486013564
2007989 15 -0.998480498689
1957242 23 -0.998478115847
1995175 23 -0.998478115847
1995285 23 -0.998478115847
1997838 23 -0.998478115847
2058365 23 -0.998478115847
1994189 15 -0.998477949538
1996333 15 -0.998469537004
1993959 15 -0.998468467297
1995763 15 -0.998468467297
1960482 15 -0.998455549523
1989057 15 -0.998448239406
2005768 15 -0.99844626974
1949015 3 -0.998446125102
1973703 7 -0.998439725455
1995318 15 -0.998431738743
2003770 15 -0.998431738743
1957411 23 -0.998412872045
1997633 23 -0.998412872045
1976659 15 -0.998394288578
1968135 15 -0.998394282569
1987412 15 -0.998380091567
1957190 15 -0.998378053155
1995378 15 -0.998354295226
1955078 15 -0.998353858748
1967608 15 -0.998351080872
2003793 15 -0.998344663048
1961293 15 -0.998339088163
1995133 15 -0.998330832795
1995172 15 -0.998329630648
1953570 23 -0.998300511652
1954919 23 -0.998300511652
1955527 23 -0.998300511652
1960977 23 -0.998300511652
1961057 23 -0.998300511652
1971160 23 -0.998300511652
1971253 23 -0.998300511652
1974666 23 -0.998300511652
1982016 23 -0.998300511652
1986832 23 -0.998300511652
1986879 23 -0.998300511652
1995773 23 -0.998300511652
1997084 23 -0.998300511652
1997101 23 -0.998300511652
1999554 23 -0.998300511652
1999565 23 -0.998300511652
1999951 23 -0.998300511652
1999998 23 -0.998300511652
2000023 23 -0.998300511652
2000030 23 -0.998300511652
2000038 23 -0.998300511652
2000048 23 -0.998300511652
2000060 23 -0.998300511652
2003592 23 -0.998300511652
2004108 23 -0.998300511652
2004193 23 -0.998300511652
2005072 23 -0.998300511652
2450159 23 -0.998300511652
2004181 15 -0.998300503816
1968244 15 -0.998270816425
1971258 15 -0.998269087976
1976564 3 -0.998260239251
1974789 15 -0.998259413425
1995218 15 -0.998255226508
2003237 15 -0.998252711374
1978011 15 -0.998252658581
1965030 3 -0.99823559649
1943785 15 -0.998227501521
1962309 15 -0.998226102386
1957238 15 -0.99821228925
2005933 15 -0.998203288786
1996362 15 -0.998196361397
1994106 15 -0.998184757126
1953953 3 -0.998181650187
1995242 15 -0.998179187816
1997106 15 -0.998178876349
1994354 15 -0.9981785
2004920 15 -0.9981785
1982288 15 -0.998175338867
1959970 7 -0.998153677616
2003576 15 -0.998150123447
1951817 3 -0.998149256563
1999748 15 -0.998144576307
1996389 15 -0.998144024191
1998072 15 -0.998138201119
1988870 15 -0.998126477364
1957419 7 -0.998126087099
1985053 15 -0.998123312718
1964367 15 -0.998122375571
1957230 15 -0.998117725903
1952519 15 -0.998099721123
1967768 15 -0.998096059925
1998318 15 -0.998081628559
1960660 15 -0.998055231916
1978211 15 -0.998050329021
1964540 15 -0.998028147479
2391365 3 -0.998027446429
1955598 3 -0.99802234038
2004049 15 -0.998004018472
1982310 15 -0.997967875757
1974851 15 -0.997956789893
1986173 15 -0.997949184343
1962230 15 -0.997939773092
2005492 15 -0.997927991651
1951613 3 -0.997924876153
1987323 3 -0.997915496137
1967387 7 -0.997900712449
2003787 15 -0.997888689694
1973127 15 -0.997888571355
1955179 23 -0.997869698113
1955204 23 -0.997869698113
1973070 23 -0.997869698113
2000259 23 -0.997869698113
1948854 3 -0.997860068726
1965032 15 -0.997847804385
1992135 25 -0.997847799849
1963018 15 -0.997815075486
1963049 15 -0.997815075486
1970913 7 -0.997775262662
2215275 15 -0.997754533274
1973700 15 -0.997752368088
2423125 15 -0.997750293655
1982093 15 -0.997745141327
1955580 15 -0.997743930121
1989350 7 -0.997741999967
1954686 15 -0.99773853881
1994219 15 -0.997724358724
1985455 15 -0.997718754362
1985120 15 -0.997699357924
2003997 15 -0.997698439309
1964475 15 -0.997694764902
1957269 15 -0.99769466164
2294384 17 -0.997693907714
1956632 15 -0.997689358893
1981625 15 -0.997679191542
2000183 23 -0.997677943559
2003313 23 -0.997677943559
2004902 23 -0.997677943559
2024148 15 -0.997673348198
1997249 15 -0.997671590995
1997872 15 -0.997671590995
1961685 15 -0.997669840743
1943421 7 -0.997663633096
1963210 7 -0.997649513167
2007168 3 -0.997644260805
1966481 7 -0.997634907296
1968134 15 -0.997632866996
2007765 15 -0.997628647745
1965160 15 -0.997624802146
1998619 7 -0.997622810918
2007750 15 -0.997616245192
1996119 15 -0.997602750485
1973768 15 -0.997601716879
2000111 15 -0.99760109017
1974884 15 -0.997566588547
2003959 15 -0.997563537728
1961402 15 -0.997562147799
1985267 7 -0.997550559988
1968495 15 -0.997540753446
1988109 15 -0.997533504552
1953245 7 -0.997531582579
1951723 23 -0.997521289596
1943342 3 -0.997516507586
1967677 23 -0.99751540155
1952290 25 -0.997491207262
1951635 3 -0.997490669695
1956457 15 -0.997483754136
1977012 15 -0.997469294311
1958191 7 -0.997467657707
1957131 7 -0.997461664869
1994043 15 -0.997457177954
1962315 15 -0.997448556569
2297286 7 -0.997427879722
1988638 15 -0.997424447995
1994255 15 -0.997423596451
1964343 15 -0.997419472826
1956718 7 -0.997409386481
1985286 15 -0.997389776394
1975097 15 -0.997374160974
1982267 15 -0.997372477578
1963241 15 -0.997363247902
1988826 7 -0.997358213554
1999273 15 -0.997347175725
1963622 7 -0.997344155843
1961434 15 -0.997342362579
1950603 25 -0.997326489146
1996600 7 -0.997317619045
1980913 7 -0.997295893373
1986531 15 -0.997290086932
1984840 7 -0.997278539029
1994437 7 -0.997255537154
1951029 7 -0.997252930615
1989116 15 -0.997224402503
2007763 15 -0.997220641576
1986488 15 -0.997193132767
1951628 23 -0.997189156365
1964885 15 -0.997180494845
1973174 15 -0.997176228751
1965245 15 -0.997154715415
2003677 15 -0.997145446706
1971287 15 -0.99714351353
1968260 15 -0.997136659772
1964987 15 -0.997134102906
1977066 15 -0.997134102906
1962490 15 -0.997125218589
1990152 7 -0.997124395359
1955755 7 -0.997124294824
1971735 7 -0.997123767425
1945233 7 -0.997122226816
1946925 7 -0.997122226816
1982254 7 -0.997112058563
1986725 15 -0.99711175966
1966943 15 -0.997109318898
2042039 3 -0.997103081343
1991772 3 -0.997099695848
1993991 7 -0.997095241725
2005901 15 -0.997094857334
2296417 7 -0.997089817623
1944202 25 -0.99708314193
1951844 7 -0.997081037517
1955351 15 -0.997077317153
